ArrayTaskID c_number sample_size number_sims
1           5        500         1000
2           5        1000        1000
3           5        2000        1000
4           5        5000        1000
5           5        10000       1000
6           10       500         1000
7           10       1000        1000
8           10       2000        1000
9           10       5000        1000
10          10       10000       1000
11          15       500         1000
12          15       1000        1000
13          15       2000        1000
14          15       5000        1000
15          15       10000       1000

